0000000000000000000000000000000000000000000000000000000000000000
0001111100000000000000000000000000000000000000000000001111110000
0001000000000000000000000000000000000000000000000000000000010000
0001000000000000000000000000000000000000000000000000000000010000
0001000000000000000000000000000000000000000000000000000000010000
0001000000000000000000000000000000000000000000000000000000000000
0001000000000000000000000000000000000000000000000000000000000000
0000000000000000000000000000000000000000000000000000000000000000
0000000000000000000000000000000000000000000000000000000000000000
0000000000000000000000000000000000000000000000000000000000000000
0000000000000000000000000000000000000000000000000000000000000000
0000000000000000000000000000000000000000000000000000000000000000
0000000000000000000000000000000000000000000000000000000000000000
0000000000000000000000000000000000000000000000000000000000000000
0000000000000000000000000000000000000000000000000000000000000000
0000000000000000000000000000000000000000000000000000000000000000
0000000000000000000000000000000000000000000000000000000000000000
0000000000000000000000000000000000000000000000000000000000000000
0000000000000000000000000000000000000000000000000000000000000000
0000000000000000000000000000000000000000000000000000000000000000
0000000000000000000000000000000000000000000000000000000000000000
0000000000000000000000000000000000000000000000000000000000000000
0000000000000000000000000000000000000000000000000000000000000000
0000000000000000000000000000000000000000000000000000000000000000
0001000000000000000000000000000000000000000000000000000111110000
0001000000000000000000000000000000000000000000000000000000010000
0001000000000000000000000000000000000000000000000000000000010000
0001000000000000000000000000000000000000000000000000000000010000
0001000000000000000000000000000000000000000000000000000000010000
0001111000000000000000000000000000000000000000000000000000010000
0000000000000000000000000000000000000000000000000000000000000000
0000000000000000000000000000000000000000000000000000000000000000